C++
184
63
65
60
63
58
63
60
63
58
61
58
87
58
58
58
58
56
58
57
56
65
65
57
64
57
57
59
59
57
59
57
58
59
59
58
63
65
49
48
48
49
53
47
47
47
48
49
53
48
Tiempo promedio de C++ es: 60.12

Scalar SSE
54
42
43
42
42
42
42
43
41
42
42
40
41
41
42
41
42
42
42
40
41
42
43
42
42
41
41
42
41
41
43
42
43
43
42
42
42
42
42
42
42
42
40
42
41
42
42
42
41
42
Tiempo promedio de SSE Scalar es: 42.02

Scalar AVX
45
41
41
42
42
43
47
42
42
42
42
43
42
42
42
42
42
43
43
43
41
42
41
42
41
42
42
40
42
40
43
41
42
41
41
41
42
42
42
40
42
41
42
42
42
41
43
42
42
42
Tiempo promedio de AVX Scalar es: 41.96

Vectorized AVX
74
62
51
77
51
51
51
50
52
50
51
52
51
51
51
50
50
52
52
50
50
51
51
51
52
50
52
50
50
52
50
51
51
50
51
51
50
51
50
52
49
51
51
49
51
52
51
50
50
52
Tiempo promedio de AVX Vectorized es: 52.02

Vectorized SSE
73
60
50
50
50
49
51
50
50
49
50
49
49
50
50
49
51
50
50
50
49
49
51
50
50
51
50
51
49
50
50
51
50
49
50
50
49
50
50
48
50
50
50
49
50
51
51
51
50
49
Tiempo promedio de SSE Vectorized es: 50.56
